2.384185791015625e-06
35.58501315116882
72.60717821121216
109.5438301563263
147.39197325706482
184.2325303554535
221.16242027282715
257.9429187774658
295.8889949321747
332.8476104736328
369.64937686920166
406.6488609313965
444.4552261829376
481.55254220962524
518.7241723537445
555.5409588813782
593.2717666625977
630.0670409202576
666.8329091072083
703.5879039764404
741.9166462421417
778.769936800003
815.7186298370361
852.6534674167633
890.8218193054199
927.7382652759552
964.645920753479
1001.4011991024017
1039.1263599395752
1076.0589196681976
1112.9968507289886
1149.8164956569672
1187.8816137313843
1224.770408630371
1261.5778169631958
1298.591852426529
1336.4624915122986
1373.1158068180084
1410.1038370132446
1446.955614566803
1484.7913148403168
1521.7583355903625
1558.6611547470093
1595.4257786273956
1633.294448852539
1670.3553817272186
1707.4939785003662
1744.3627955913544
1782.171771287918
1819.1878232955933
1856.2082345485687
1893.9322142601013
1930.8040654659271
1968.0285294055939
2004.934062719345
2042.5958597660065
2079.576890707016
2116.342406272888
2153.228282928467
2191.0072507858276
2228.0361289978027
2264.93536567688
2301.803062438965
2339.6474525928497
2376.33833861351
2413.0644533634186
2449.7191779613495
2488.118983268738
2524.896251440048
2561.7216930389404
2598.7714550495148
2636.798118829727
2673.580142736435
2710.571019887924
2747.760022163391
2785.5786662101746
2822.35760140419
2859.2394058704376
2896.223965883255
2934.2335312366486
2971.260326385498
3008.091835975647
3044.942722082138
3082.994140625
3119.7657747268677
3156.6872742176056
3193.4775743484497
3231.258325815201
3267.9633440971375
3304.8718841075897
3341.902727127075
3380.0675604343414
3416.845611333847
3453.5789403915405
3490.468947172165
3528.222499370575
3565.1507346630096
3601.9405496120453
3638.7215192317963
3676.56618309021
