2.384185791015625e-06
52.49706029891968
105.87673997879028
159.41490149497986
214.1414074897766
267.8921661376953
321.74930596351624
375.1805465221405
429.655574798584
483.28132343292236
536.9087345600128
590.5493667125702
645.2766768932343
699.2578077316284
752.8458516597748
806.5769643783569
861.418203830719
915.2728080749512
968.6786255836487
1022.3139538764954
1077.1021583080292
1130.3385894298553
1183.9954171180725
1237.614637851715
1292.3521165847778
1346.1932895183563
1399.8223931789398
1453.2998645305634
1507.8234922885895
1561.1696310043335
1614.7772772312164
1668.353443622589
1722.95272731781
1776.7063739299774
1830.310908794403
1884.3017024993896
1938.9355223178864
1992.3027565479279
2046.01504945755
2099.760059595108
2154.39435172081
2208.0609838962555
2261.491101026535
2315.0068640708923
2369.604125022888
2423.240744829178
2476.9386088848114
2530.1240611076355
2585.161564350128
2638.430410861969
2691.958003282547
2746.4187364578247
2800.109088420868
2853.827128648758
2907.51802611351
2961.669921875
3015.2684338092804
3068.7249414920807
3122.182472229004
3176.8819012641907
3230.632046699524
3284.0675840377808
3337.3922691345215
3392.0423851013184
3445.4728033542633
3498.6993963718414
3552.1973884105682
3606.733342409134
3660.023137807846
3713.386685371399
3766.717952489853
3821.4900579452515
3875.0984303951263
3928.7592656612396
3982.6634500026703
4037.625356197357
4091.7055826187134
4145.265704154968
4199.1603190898895
4253.743067741394
4307.323700666428
4361.073353767395
4414.749074935913
4469.919796466827
4523.580652475357
4577.373319864273
4631.432629108429
4685.998294830322
4740.0135197639465
4794.211647987366
4848.24827170372
4902.7953469753265
4956.5966765880585
5009.997780561447
5063.859235525131
5118.250314950943
5171.676917552948
5225.18345284462
5278.487156629562
5333.528458356857
